0 0.23125 0.2453125 0.05546875 0.03515625 0.2242223 0.25037953333333335 2 0.238656825 0.24257953333333337 2 0.254172325 0.23718996666666667 2 0.20641959999999998 0.2519924333333333 2
0 0.31171875 0.378125 0.0453125 0.06953125 0.3028318 0.36897276666666673 2 0.317656425 0.3908128 2 0.332481025 0.4090128 2 0.28995780000000004 0.3450527666666667 2
0 0.27578125 0.49765625 0.04765625 0.03828125 0.26381965 0.5005732666666667 2 0.278644275 0.5021332666666667 2 0.298930575 0.4984933000000001 2 0.253286375 0.4802932666666667 2
0 0.365625 0.9046875 0.03515625 0.09296875 0.355108075 0.9473748000000001 2 0.3590093 0.9114947666666667 2 0.36720185 0.8896547333333334 2 0.38007585 0.8615747 2
0 0.4265625 0.80390625 0.059375 0.0921875 0.454589075 0.8470146666666667 2 0.43157187500000005 0.8236146333333334 2 0.416357175 0.7960546 2 0.40543375 0.7612145666666668 2
0 0.50625 0.63359375 0.025 0.01796875 0.517667025 0.6358949666666667 2 0.5084174750000001 0.6379498000000001 2 0.5025594250000001 0.6350730666666667 2 0.49546809999999997 0.6284976333333334 2
0 0.5078125 0.52890625 0.059375 0.08984375 0.48005217499999997 0.5705517 2 0.500092875 0.5426061333333334 2 0.5167421000000001 0.5183592333333334 2 0.5346246 0.48876983333333335 2
0 0.46015625 0.44140625 0.05703125 0.0203125 0.4550783500000001 0.4393904 2 0.46864437500000006 0.44185620000000003 2 0.48683517500000006 0.4398014 2 0.4325711 0.4377465666666668 2
0 0.4515625 0.4234375 0.06484375 0.02421875 0.4427456 0.42418473333333334 2 0.4606281 0.42130800000000007 2 0.481593775 0.42295186666666673 2 0.421471625 0.4262395666666666 2
0 0.3984375 0.384375 0.0703125 0.07421875 0.390023125 0.36786673333333336 2 0.41129709999999997 0.38923686666666674 2 0.43072119999999997 0.4180043666666666 2 0.365357625 0.35348300000000005 2
0 0.39765625 0.3359375 0.0703125 0.07734375 0.36443267500000004 0.3670448 2 0.38909817500000005 0.35964746666666664 1 0.40574734999999995 0.3354005666666667 2 0.427946325 0.30252343333333337 2
0 0.45703125 0.38359375 0.03828125 0.0625 0.47172755000000005 0.4143056666666666 2 0.46617784999999995 0.39170266666666664 2 0.456311625 0.37608603333333335 2 0.4408957 0.35718166666666673 2
0 0.47890625 0.35390625 0.02734375 0.09296875 0.47635235 0.3411540666666667 2 0.48005217499999997 0.3695106 2 0.486526875 0.39827806666666665 2 0.4738858 0.3090988666666667 2
0 0.51640625 0.38515625 0.075 0.05859375 0.5050260000000001 0.3937574666666667 2 0.5266083 0.37896276666666673 2 0.5518904250000001 0.36540093333333334 2 0.48221040000000004 0.41142893333333336 2
0 0.409375 0.1640625 0.0671875 0.03359375 0.44182065000000004 0.15413353333333335 2 0.42177995 0.16153086666666666 2 0.401430925 0.16728440000000003 2 0.376765425 0.1681063 2
0 0.4359375 0.20390625 0.03359375 0.08359375 0.426404725 0.19235320000000003 2 0.434729325 0.21988780000000002 2 0.4507619 0.24249083333333332 2 0.4310295 0.16440763333333336 2
0 0.44765625 0.19453125 0.0265625 0.0796875 0.44521215000000003 0.18331200000000003 2 0.44922032500000003 0.20920273333333336 2 0.45785322500000003 0.23262766666666668 2 0.44737037500000004 0.15659930000000002 2
0 0.53671875 0.16640625 0.0703125 0.028125 0.5691562750000001 0.16687343333333332 2 0.547573975 0.1664624666666667 2 0.525991675 0.1660515 2 0.5025594250000001 0.1660515 2
0 0.584375 0.14375 0.03984375 0.10234375 0.5959800000000001 0.12783183333333334 2 0.5845722250000001 0.15988703333333334 2 0.5679229749999999 0.18742163333333334 2 0.59998815 0.09331083333333334 2
0 0.578125 0.221875 0.05234375 0.0203125 0.5697729 0.2202987666666667 2 0.5861137999999999 0.22235356666666667 2 0.602763 0.22481936666666663 2 0.553432 0.2235864666666667 2
0 0.50390625 0.190625 0.06484375 0.02890625 0.53431625 0.19112030000000002 2 0.5130423 0.18577776666666668 2 0.49361820000000006 0.19194223333333332 2 0.473577475 0.19399703333333335 2
0 0.475 0.225 0.0328125 0.06640625 0.48961005 0.2560526333333334 2 0.4806688 0.23468250000000004 2 0.4726525250000001 0.21577816666666672 2 0.46155305 0.1948189666666667 2
0 0.51015625 0.2203125 0.04140625 0.05078125 0.49238490000000007 0.24207983333333333 2 0.503792725 0.22605226666666667 2 0.51581715 0.21290140000000002 2 0.5281499000000001 0.19975053333333337 2
0 0.52890625 0.2390625 0.03515625 0.0546875 0.539866 0.23221673333333337 2 0.530924725 0.2494772 2 0.514583875 0.2593403666666667 2 0.5281499000000001 0.21454526666666668 2
0 0.45625 0.2609375 0.05390625 0.05859375 0.4621697 0.24867120000000004 2 0.444595525 0.2688084333333333 2 0.43072119999999997 0.2868908666666667 2 0.47974385 0.2375751666666667 1
0 0.465625 0.271875 0.04921875 0.0625 0.44305395000000003 0.30209656666666673 2 0.458469875 0.28072640000000004 2 0.474194125 0.2618220666666667 2 0.48776015 0.2466164 1
0 0.4921875 0.2921875 0.0625 0.03515625 0.5229084749999999 0.27743870000000004 2 0.501017825 0.2893566666666667 2 0.48375200000000007 0.29346630000000007 2 0.46340297500000005 0.3029184666666667 2
0 0.65078125 0.53671875 0.03671875 0.0609375 0.6470838000000001 0.5247135666666667 2 0.647392125 0.5469056333333333 2 0.667124525 0.5547139666666667 2 0.6335177750000001 0.5070421333333334 2
0 0.76875 0.55546875 0.01875 0.06875 0.7670198 0.5867691666666667 2 0.767328075 0.5658100000000001 2 0.768869675 0.5448508333333334 2 0.76825305 0.5218368333333334 2
0 0.72421875 0.740625 0.05546875 0.04296875 0.7522205000000001 0.7503966000000001 2 0.7306381750000001 0.7495746666666668 2 0.7133723250000001 0.7397115333333334 2 0.699497975 0.7277935666666668 2