0 0.44375 0.94375 0.0515625 0.08203125 0.4286588666666667 0.9825172500000001 2 0.4353241 0.9517000000000001 2 0.4442111000000001 0.9279623499999999 2 0.4647623 0.9079728000000001 2
0 0.190625 0.80703125 0.05078125 0.09140625 0.16940843333333336 0.8513118500000001 2 0.1838498 0.820911 2 0.1921813666666667 0.794674675 2 0.20606730000000004 0.7646903 2
0 0.2515625 0.9578125 0.0359375 0.08359375 0.2592354666666667 1 0 0.2547914333333333 0.97560055 2 0.2483723 0.947833875 2 0.2459034 0.917845875 2
0 0.4125 0.590625 0.065625 0.0703125 0.4422128333333334 0.6240926 2 0.42476363333333333 0.59830065 2 0.4068158333333334 0.580732225 2 0.3868739 0.559425825 2
0 0.3046875 0.42109375 0.03359375 0.075 0.3081032 0.40687367500000005 2 0.30261916666666666 0.43191802500000004 2 0.3051119 0.45621480000000003 2 0.30860173333333335 0.385193475 2
0 0.4578125 0.515625 0.04921875 0.08046875 0.46315186666666663 0.50296815 2 0.4546765666666667 0.5298814999999999 2 0.43922153333333336 0.5545520749999999 2 0.47760980000000003 0.47680239999999996 2
0 0.3828125 0.38984375 0.078125 0.065625 0.3614479 0.38631487499999995 2 0.3823869666666667 0.40350952500000004 2 0.41728540000000003 0.41696617500000005 2 0.3499813 0.35790635 2
0 0.46640625 0.440625 0.034375 0.07734375 0.47063010000000005 0.427806275 2 0.4691344333333333 0.450234075 2 0.45716930000000006 0.477521225 2 0.4541780000000001 0.4042571 2
0 0.55078125 0.49375 0.08046875 0.05703125 0.5364385666666667 0.48650672500000003 2 0.5603689333333334 0.5018324 2 0.5887862 0.5194008 2 0.5115111000000001 0.4666955 2
0 0.4671875 0.353125 0.03828125 0.03828125 0.47266330000000006 0.343786625 2 0.47395830000000005 0.3589978 2 0.4506488666666667 0.368059775 2 0.4497855666666667 0.339579275 2
0 0.725 0.4984375 0.03359375 0.084375 0.7239950000000002 0.48492507500000004 2 0.7265849666666667 0.5127583 2 0.7183835000000001 0.53994425 2 0.7278799000000001 0.456768175 2
0 0.6890625 0.49609375 0.05078125 0.0796875 0.6661531333333334 0.5344423500000001 2 0.6968007 0.515023825 2 0.6998222666666668 0.48848512499999996 2 0.6985273333333334 0.45935732500000004 2
0 0.71953125 0.43359375 0.0875 0.04921875 0.7291749000000001 0.425362425 2 0.7088870333333334 0.44251545 2 0.6803977666666666 0.45351929999999996 2 0.7606858000000001 0.4137113 2
0 0.68046875 0.44375 0.06875 0.06328125 0.6834193666666667 0.427304275 2 0.6670164333333333 0.449635575 2 0.6527717666666667 0.47358512500000005 2 0.7123403 0.415005875 2
0 0.64609375 0.41484375 0.053125 0.0796875 0.6576009333333334 0.4046388 2 0.6452291333333334 0.43156910000000004 2 0.6288664333333334 0.453113325 2 0.6635872666666667 0.37740929999999995 2
0 0.50078125 0.378125 0.11796875 0.03515625 0.5550119 0.37061252499999997 2 0.5118463 0.369641625 2 0.4786087666666667 0.377409025 2 0.44493963333333336 0.38744195000000003 2
0 0.51953125 0.3375 0.08828125 0.053125 0.5100373333333333 0.3256101 2 0.5351800333333333 0.34176827500000007 2 0.5591254333333333 0.361217925 2 0.47811010000000004 0.314837975 2
0 0.41640625 0.2421875 0.07578125 0.0625 0.4278247333333334 0.23105484999999998 2 0.4090675000000001 0.2505045 2 0.3835257 0.26875725 2 0.4537656 0.2163928 2
0 0.69921875 0.1828125 0.0859375 0.0640625 0.7095724666666667 0.17370885000000003 2 0.6829292333333333 0.1881035 2 0.6594205000000001 0.21307385 2 0.7401339 0.15167617500000002 2
0 0.6296875 0.19375 0.10234375 0.04375 0.6794029333333335 0.188691075 1 0.6484497333333334 0.183696975 2 0.6155374666666666 0.196329025 2 0.5834088666666667 0.209548625 2
0 0.6890625 0.23359375 0.04296875 0.090625 0.6848883000000001 0.211333875 2 0.6927245666666667 0.24159207500000002 2 0.6938999666666668 0.27831320000000004 2 0.6762684 0.189301225 1
0 0.55859375 0.27265625 0.0875 0.05390625 0.5759644 0.2651049 2 0.5422685333333334 0.276268125 2 0.5175843333333334 0.29448177500000006 2 0.5986895333333334 0.246891225 2
0 0.55234375 0.253125 0.0734375 0.06015625 0.5716544666666667 0.24924137500000004 2 0.5516720333333334 0.267161275 1 0.5191516 0.276268125 2 0.5861515333333334 0.22515235000000003 2
0 0.56640625 0.29296875 0.0640625 0.071875 0.5771398666666667 0.28126217500000006 2 0.5595083 0.300357175 2 0.5450112 0.32532755 2 0.5967304999999999 0.259523275 1
0 0.60234375 0.28203125 0.046875 0.07890625 0.6100521333333334 0.2698052 2 0.5975141 0.29242540000000006 2 0.5900696666666667 0.3197459 2 0.6218065 0.243072225 2
0 0.621875 0.30234375 0.04296875 0.090625 0.6182801666666667 0.34618509999999997 2 0.6135784000000001 0.31475185 2 0.6288591 0.288900175 2 0.6327772333333334 0.259229525 2
0 0.65234375 0.29140625 0.04296875 0.075 0.6602041333333334 0.2783245 2 0.6570696333333335 0.30153225 2 0.6413971333333334 0.32620882500000004 2 0.6488415666666667 0.25423545000000003 2
0 0.678125 0.31640625 0.05078125 0.065625 0.6774438666666667 0.30241355 2 0.6719584666666667 0.32238985000000003 2 0.6629468000000001 0.3473602 2 0.7021280666666667 0.28566872499999996 2
0 0.68984375 0.3375 0.059375 0.09296875 0.7033034666666668 0.326807675 2 0.6895900333333335 0.35530325 2 0.6680403666666668 0.37968607500000007 2 0.7029116666666668 0.29214295 2