0 0.72109375 0.33984375 0.0359375 0.01484375 0.7370776666666667 0.3438623 2 0.7253203333333333 0.342470425 2 0.7157288333333333 0.33991862500000003 2 0.7048996666666667 0.33736682500000004 2
0 0.7921875 0.27421875 0.03359375 0.01640625 0.7983397 0.27148422499999997 2 0.7865823333333333 0.2751959 2 0.7763720000000001 0.27867562500000004 2 0.8066936000000002 0.26846845 2
0 0.61015625 0.2609375 0.0375 0.01640625 0.6061998000000001 0.256637425 2 0.6176477333333333 0.260349125 2 0.6256922333333333 0.266380625 2 0.5916578 0.25686939999999997 2
0 0.5640625 0.3125 0.02890625 0.01796875 0.5687619333333334 0.309993075 2 0.5607174 0.3146327 2 0.5514352666666668 0.319040325 2 0.5780440333333334 0.305121475 2
0 0.34453125 0.2640625 0.02421875 0.02734375 0.34844543333333333 0.26072375000000003 2 0.34075346666666667 0.26741365000000006 2 0.3339845666666667 0.2757184 2 0.3524452666666667 0.25241900000000006 2
0 0.30546875 0.25625 0.04140625 0.01640625 0.2982939333333333 0.25680205 2 0.3121394333333334 0.259339625 2 0.3250619 0.259108925 2 0.28598680000000004 0.250112125 2
0 0.234375 0.334375 0.03203125 0.009375 0.22998936666666672 0.334570425 2 0.24014276666666667 0.333416975 2 0.2493731 0.33387835000000005 2 0.22014366666666668 0.33756935 2
0 0.2859375 0.34140625 0.034375 0.01484375 0.2816793 0.33941485 2 0.29152500000000003 0.343336525 2 0.3016783666666667 0.34633547499999995 2 0.27060290000000004 0.3382614 2
0 0.4734375 0.396875 0.0359375 0.0109375 0.4669015000000001 0.39709555 2 0.4782855666666667 0.39871035000000005 2 0.49028506666666666 0.398941025 2 0.45551743333333333 0.39317385000000005 2
0 0.15390625 0.4203125 0.01328125 0.03203125 0.15368520000000002 0.4157990750000001 2 0.15368520000000002 0.424565175 2 0.15337753333333334 0.435407475 2 0.15060843333333335 0.405879525 2
0 0.2078125 0.43828125 0.034375 0.02109375 0.202606 0.43472435000000004 2 0.21245173333333334 0.43979947499999994 2 0.22137440000000003 0.44556664999999995 2 0.19122193333333334 0.42872649999999995 2
0 0.21484375 0.4515625 0.02578125 0.02109375 0.20760843333333331 0.44996200000000003 2 0.21643150000000003 0.4556648 2 0.2266236666666667 0.46011300000000005 2 0.20456600000000003 0.44243430000000006 1
0 0.20078125 0.4625 0.028125 0.02578125 0.19589503333333336 0.45760377500000005 2 0.20274053333333333 0.465359575 2 0.21232423333333336 0.47357162500000005 2 0.18828893333333335 0.45041822500000006 2
0 0.340625 0.45078125 0.02109375 0.021875 0.33754543333333337 0.4469315000000001 2 0.3427794666666667 0.45357265 2 0.3482148 0.46036475 2 0.3307009 0.43983755 2
0 0.45546875 0.496875 0.0234375 0.015625 0.4597401666666666 0.49607625000000005 2 0.4518891000000001 0.4996987 2 0.44464196666666667 0.50377395 2 0.4665847 0.490189775 2
0 0.51796875 0.46875 0.01328125 0.02265625 0.5179186 0.46557565 2 0.5173146666666667 0.47236772500000007 2 0.5126845333333334 0.479008875 2 0.5235552333333333 0.458028875 2
0 0.55 0.50703125 0.02421875 0.01953125 0.5521411666666667 0.5025606 2 0.5467058 0.50950365 2 0.5394586666666668 0.515691975 2 0.5612001 0.49848535 2
0 0.46328125 0.5375 0.021875 0.01953125 0.47242266666666677 0.546349375 2 0.46296113333333333 0.542123175 2 0.45772710000000005 0.535632975 2 0.4559153 0.528388075 2
0 0.53046875 0.56484375 0.01640625 0.025 0.5352311666666667 0.57715185 2 0.5342246333333334 0.567190125 2 0.5301984333333334 0.5591905749999999 2 0.5241591666666667 0.552851275 2
0 0.44375 0.596875 0.01484375 0.0234375 0.438804 0.607501525 2 0.44242756666666666 0.600256625 1 0.44464196666666667 0.5927098749999999 2 0.4488694666666667 0.586068725 2
0 0.45625 0.59765625 0.03203125 0.01328125 0.4504799666666667 0.5987472749999999 2 0.45953886666666677 0.596332325 2 0.4714161333333333 0.59346455 2 0.44101843333333335 0.600256625 2
0 0.284375 0.609375 0.02265625 0.01640625 0.2751981 0.6171432250000001 2 0.2805362 0.61156855 2 0.2860649333333333 0.6068515 2 0.2935001666666667 0.60313505 2
0 0.25859375 0.640625 0.04765625 0.0125 0.2523205333333333 0.6384469 2 0.2656657666666667 0.6415915750000001 2 0.2812988 0.642306275 2 0.2364968666666667 0.6407339500000001 2
0 0.5515625 0.40078125 0.015625 0.03203125 0.5513648 0.394925575 2 0.5517122666666667 0.40352305 2 0.5503223333333334 0.414725825 2 0.5482374666666667 0.387109675 2
0 0.6359375 0.453125 0.03359375 0.0109375 0.6521341666666667 0.4501679500000001 2 0.6417097333333335 0.45303379999999993 2 0.6312853333333334 0.45277325 2 0.6194709666666667 0.453554825 2
0 0.67578125 0.70625 0.01875 0.02421875 0.6818028333333334 0.71786865 2 0.6782378666666667 0.709582625 2 0.6743163666666667 0.7031676499999999 2 0.6686124 0.6964854 2
0 0.8125 0.80390625 0.0375 0.021875 0.8293931333333333 0.814926275 2 0.8194111666666666 0.807709425 2 0.8080032333333333 0.801829025 2 0.7958822666666667 0.79541405 2
0 0.0859375 0.8 0.034375 0.02109375 0.07216916666666667 0.808307775 2 0.08041709999999999 0.8035788250000001 2 0.09060566666666667 0.79812235 2 0.10176456666666667 0.79266585 2
0 0.090625 0.26328125 0.02734375 0.02109375 0.0896777 0.258378125 2 0.09659946666666668 0.26448367500000003 2 0.10148546666666666 0.27303145 2 0.07827713333333333 0.2544095 2