0 0.42265625 0.28046875 0.0625 0.0296875 0.39379045 0.28324853333333333 2 0.414521225 0.2792292333333333 2 0.43449815 0.2812389 2 0.45183662500000005 0.28626300000000005 2
0 0.4 0.33046875 0.0375 0.109375 0.390775075 0.31540263333333335 2 0.39869045000000003 0.3475568 2 0.414898175 0.3802133333333334 2 0.387759675 0.27621483333333335 2
0 0.43203125 0.37109375 0.0375 0.08046875 0.4435443250000001 0.3661458666666667 2 0.43185969999999996 0.3867446666666666 2 0.416782775 0.4063385666666667 2 0.44882125000000006 0.3319821 2
0 0.36875 0.428125 0.05703125 0.06796875 0.39454430000000007 0.4581061 2 0.37720585 0.4415266 2 0.360621225 0.42293753333333334 2 0.3455443 0.40133393333333334 2
0 0.44453125 0.41953125 0.06484375 0.03515625 0.434875075 0.42345940000000004 2 0.455228925 0.41743050000000004 2 0.47633662500000007 0.4179329 2 0.41339047500000003 0.41341123333333335 2
0 0.43515625 0.45546875 0.046875 0.03359375 0.42432125000000004 0.46216436666666666 2 0.439775075 0.45613539999999997 2 0.45711355 0.4435752 2 0.41225967500000005 0.44608723333333333 2
0 0.4859375 0.46484375 0.0734375 0.046875 0.47822122499999997 0.45462820000000004 2 0.50309815 0.4636715333333334 2 0.5196827749999999 0.4812558333333333 2 0.45259047500000005 0.4581450666666667 2
0 0.4609375 0.48125 0.07265625 0.0296875 0.49518277499999996 0.4742221333333334 2 0.472190475 0.48175826666666666 2 0.449575075 0.48326546666666664 2 0.42620585 0.4822607 2
0 0.53203125 0.53359375 0.04140625 0.06640625 0.5347597 0.5184340666666667 2 0.52759815 0.5385304000000001 2 0.517798175 0.5616411666666667 2 0.5505905 0.5028594 2
0 0.49296875 0.52421875 0.0484375 0.06484375 0.5147094 0.5522120333333334 1 0.5018063 0.5283750666666667 2 0.48822410000000005 0.5096676 2 0.46966172500000003 0.4960896000000001 2
0 0.48125 0.6515625 0.03671875 0.06796875 0.4956943 0.6841280000000001 2 0.49026142500000003 0.6593858666666667 2 0.4805275 0.6421870666666668 2 0.46649255 0.6201605000000001 2
0 0.40625 0.67578125 0.03828125 0.08359375 0.41193730000000006 0.6624032 2 0.40197702500000004 0.6856366666666667 2 0.389979375 0.7127927000000001 2 0.42370855 0.6352472 2
0 0.3890625 0.63046875 0.025 0.07421875 0.38301850000000004 0.6218687 2 0.387545925 0.6435935 2 0.3968271 0.6638096666666667 2 0.380981175 0.5944109333333334 2
0 0.3671875 0.696875 0.04140625 0.09765625 0.3694363 0.6777127666666668 2 0.358117775 0.7090930666666667 2 0.351100275 0.7425854666666668 2 0.3868668 0.6514619666666668 2
0 0.33515625 0.728125 0.02734375 0.0796875 0.335707125 0.7124238333333334 2 0.331858825 0.7356573000000001 2 0.33842355 0.7658306333333333 2 0.347025625 0.6919059666666667 2
0 0.3921875 0.79375 0.04921875 0.1 0.36966265 0.8421926000000001 2 0.38301850000000004 0.8099071333333333 2 0.39637435 0.7791303 2 0.41018295 0.7477500333333335 2
0 0.37265625 0.87109375 0.0625 0.0796875 0.34272460000000005 0.9074021 2 0.36513524999999997 0.8889963666666667 2 0.3807548 0.8648577000000002 2 0.399543525 0.8383051666666667 2
0 0.734375 0.6484375 0.0265625 0.09453125 0.7283251500000001 0.6936108 2 0.73278715 0.6663516 2 0.7372491250000001 0.6321537 2 0.72906885 0.6048945000000001 2
0 0.8453125 0.39296875 0.04765625 0.06796875 0.867390225 0.42296286666666666 2 0.85549155 0.3966949000000001 2 0.8417337999999999 0.37687003333333335 2 0.824257725 0.3644795 2
0 0.6546875 0.334375 0.07265625 0.05625 0.689654675 0.34861960000000003 2 0.66362645 0.34415900000000005 2 0.6435475750000001 0.33127283333333335 2 0.620865825 0.3144217 2
0 0.6625 0.31015625 0.0765625 0.05078125 0.654702525 0.29905743333333334 2 0.678499725 0.30698736666666665 2 0.6978349749999999 0.3302816 2 0.62569965 0.3050049 2
0 0.68671875 0.228125 0.05625 0.0578125 0.6974631500000001 0.22665823333333335 2 0.680358875 0.23805753333333332 2 0.66102365 0.2509437 2 0.7130800749999999 0.20237276666666668 2
0 0.5171875 0.740625 0.0203125 0.08984375 0.5146924749999999 0.7268905 2 0.5170676 0.7515843 2 0.5142174500000001 0.7819766333333333 2 0.5175426750000001 0.6990308666666667 2
0 0.4984375 0.75625 0.01640625 0.08359375 0.497591475 0.7965396333333333 2 0.49854155 0.7699463000000002 2 0.499016575 0.7420866666666668 2 0.49996662500000005 0.7142270333333334 2
0 0.478125 0.7484375 0.025 0.0890625 0.485240775 0.7883083666666667 1 0.48001547499999997 0.7642477666666667 2 0.47621522499999996 0.7357549333333334 2 0.47384010000000004 0.7040962333333334 2
0 0.4640625 0.75859375 0.03203125 0.07578125 0.47526520000000005 0.7908410666666668 1 0.462914475 0.7750117333333333 2 0.45768915000000004 0.7509511000000002 2 0.45483900000000005 0.7224582666666668 2
0 0.43984375 0.80546875 0.0484375 0.0625 0.44253037500000003 0.7870848333333333 2 0.42956582500000007 0.8068341666666667 2 0.41799035 0.8339895333333335 2 0.460125075 0.7938736666666667 2
0 0.46328125 0.81953125 0.06796875 0.071875 0.43234392499999996 0.8512701999999999 2 0.44577150000000004 0.8216462 2 0.4679964 0.8049826666666666 2 0.49346245 0.7920221666666667 2
0 0.47734375 0.82734375 0.06796875 0.05859375 0.46660735000000003 0.8352238666666668 2 0.486517175 0.8191775 2 0.5087420500000001 0.8049826666666666 2 0.44484547500000005 0.8525045666666667 2
0 0.465625 0.85703125 0.084375 0.05 0.50642695 0.8370753666666667 2 0.479571875 0.8586762333333333 2 0.45410585000000003 0.8697852333333334 2 0.424935625 0.8623792333333334 2