0 0.36875 0.18515625 0.06328125 0.11328125 0.37673865 0.16025226666666667 2 0.36401249999999996 0.1918385 2 0.34338729999999995 0.23453843333333335 2 0.39648615 0.1333454666666667 2
0 0.4390625 0.20703125 0.09453125 0.03671875 0.42176415 0.20471183333333337 2 0.45352604999999996 0.20706383333333336 2 0.48381749999999996 0.21255183333333333 2 0.394413625 0.19785183333333337 2
0 0.41171875 0.24375 0.065625 0.0703125 0.403677525 0.22823946666666667 2 0.42176415 0.2472515 2 0.44029192500000003 0.2727315333333334 2 0.37970905 0.21177543333333332 2
0 0.44296875 0.31015625 0.071875 0.1140625 0.46690722500000004 0.29215836666666667 2 0.4447033 0.32939843333333335 2 0.41117685000000004 0.3609544666666667 2 0.470583375 0.25413430000000004 2
0 0.4640625 0.38984375 0.05546875 0.09921875 0.447350125 0.3717572666666667 2 0.45867265 0.40331333333333336 2 0.48837590000000003 0.42996936666666674 2 0.45176150000000004 0.3439252333333333 2
0 0.5015625 0.3734375 0.09140625 0.046875 0.545245875 0.3662189666666667 2 0.5164249 0.376411 2 0.49186825 0.376607 2 0.45848885 0.35798696666666674 2
0 0.5671875 0.34921875 0.09296875 0.0453125 0.613283475 0.3296682666666667 2 0.58836705 0.3543253333333334 2 0.5598641750000001 0.3535705333333334 2 0.522489575 0.3382227333333333 2
0 0.6703125 0.20625 0.10625 0.04375 0.7204199750000001 0.19402783333333334 2 0.6886627 0.2040616 2 0.6557292 0.2075107 2 0.6178557 0.21503603333333335 2
0 0.74765625 0.14765625 0.0828125 0.08515625 0.7594697 0.12629996666666668 2 0.73759245 0.15295213333333335 2 0.7128923250000001 0.18556186666666669 2 0.78746315 0.1128171 2
0 0.63671875 0.359375 0.07578125 0.11875 0.672062775 0.30359813333333335 2 0.64987265 0.34219333333333335 2 0.6293062 0.3750173 2 0.6046806 0.411809 2
0 0.72109375 0.24296875 0.07578125 0.03515625 0.75676405 0.2534324333333333 2 0.738633075 0.23900433333333337 2 0.714819325 0.2454969666666667 2 0.6831577999999999 0.2483826 2
0 0.73828125 0.3125 0.04140625 0.1109375 0.725914375 0.3663324666666667 2 0.731326575 0.3266551666666667 2 0.7413392 0.29491330000000004 2 0.751351825 0.2599251 2
0 0.87890625 0.17109375 0.090625 0.07421875 0.9199597 0.2048067 2 0.9060119249999999 0.16974883333333335 2 0.8751772750000001 0.1545817 2 0.8347744500000001 0.14980433333333334 2
0 0.87578125 0.18515625 0.0921875 0.065625 0.9204767500000001 0.15520693333333332 2 0.90277185 0.18485623333333337 1 0.86805445 0.201858 2 0.831131275 0.20492596666666668 2
0 0.878125 0.3953125 0.10703125 0.05546875 0.92983525 0.41657886666666666 2 0.9015154000000001 0.3999023666666667 2 0.866351575 0.3939256000000001 2 0.8274117750000001 0.38229100000000005 2
0 0.91015625 0.40546875 0.03203125 0.1546875 0.9088314000000001 0.3763098 2 0.9100113750000001 0.4241240666666667 2 0.911663375 0.4807462 2 0.9076514 0.3291246666666667 2
0 0.44140625 0.559375 0.04296875 0.146875 0.42482510000000007 0.6305990666666668 2 0.43724949999999996 0.5804438000000001 2 0.44434915 0.5378591 2 0.45393365 0.488177 2
0 0.47578125 0.525 0.040625 0.12734375 0.48517210000000005 0.5018987333333335 2 0.4752326 0.5378591 2 0.465648075 0.5832827666666668 2 0.4855270750000001 0.4630993666666667 2
0 0.5546875 0.47890625 0.096875 0.05703125 0.600896375 0.49338180000000004 2 0.56894795 0.4900696333333334 2 0.5455191 0.48202586666666675 2 0.5103758500000001 0.4602604 2
0 0.6109375 0.48046875 0.0765625 0.08984375 0.645421875 0.5217384 1 0.621642625 0.49496090000000004 2 0.6031932249999999 0.4706425333333334 2 0.5767490749999999 0.44195236666666665 2
0 0.64140625 0.53515625 0.0921875 0.05625 0.6862568250000001 0.5560620000000001 1 0.6597449500000001 0.5432416333333333 2 0.6332330749999999 0.5328867 2 0.598212725 0.5136561333333334 2
0 0.7625 0.56484375 0.07734375 0.040625 0.80005905 0.5806518666666667 2 0.77525685 0.5695649 2 0.754537975 0.5623079666666667 2 0.72625745 0.5574700333333334 2
0 0.8953125 0.5484375 0.0765625 0.0859375 0.918904425 0.5462948333333333 2 0.8972686 0.5660700666666667 2 0.8595604250000001 0.5809014666666668 2 0.9260133500000001 0.5083924000000001 2
0 0.63984375 0.778125 0.02890625 0.13125 0.64047015 0.8000546666666668 2 0.6377060750000001 0.7574224666666668 2 0.63810095 0.7121587 2 0.6302036500000001 0.8390025000000001 2
0 0.79375 0.81328125 0.12578125 0.06328125 0.854881525 0.8205812 2 0.8173694000000001 0.8242654666666669 2 0.7806470000000001 0.8168969333333334 2 0.735632475 0.7958440333333334 2
0 0.61796875 0.90078125 0.1140625 0.0796875 0.672166425 0.9317788666666666 1 0.6393679 0.9158815 2 0.6087378999999999 0.8974549666666668 2 0.5648257999999999 0.8732476333333334 2
0 0.71875 0.93046875 0.11171875 0.03828125 0.772188375 0.9361145333333335 2 0.7374924 0.9278045333333333 2 0.704151775 0.9278045333333333 2 0.6645766999999999 0.934308 2
0 0.771875 0.89765625 0.10078125 0.053125 0.8224026500000001 0.8849774000000001 2 0.7952964500000002 0.9059330333333335 2 0.767377 0.9052104333333334 2 0.7237359999999999 0.8817256333333333 2
0 0.875 0.91796875 0.11796875 0.0453125 0.9335381500000001 0.9120752000000001 2 0.8993843 0.9193013000000001 2 0.8671279249999999 0.9229143333333333 2 0.8188788500000002 0.9207465000000001 2
0 0.66953125 0.52109375 0.075 0.1171875 0.6969267 0.5783979 2 0.6890372250000001 0.5343115333333334 2 0.6662792 0.5051903 2 0.638059275 0.4687887666666667 2