0 0.4234375 0.34609375 0.053125 0.02734375 0.41731745 0.34431130000000004 2 0.43370502499999997 0.3473602 2 0.45014017500000003 0.35004046666666666 2 0.39817084999999997 0.3458737666666667 2
0 0.4921875 0.3953125 0.034375 0.06328125 0.484852125 0.3868239666666667 2 0.493859175 0.4056900333333333 2 0.5070480500000001 0.422841 2 0.476810125 0.3653853 2
0 0.4921875 0.38125 0.04765625 0.034375 0.4877472500000001 0.37396076666666667 2 0.502866225 0.3829650333333333 2 0.514768375 0.39368436666666673 2 0.47005485 0.37396076666666667 2
0 0.47421875 0.43203125 0.03125 0.06171875 0.47262830000000006 0.42371513333333344 2 0.4806703 0.4404373 2 0.4854955 0.461876 2 0.46008277500000005 0.4048491 2
0 0.571875 0.44453125 0.0328125 0.05625 0.5569084500000001 0.4691651333333334 2 0.5646287999999999 0.4481552333333333 2 0.5736358 0.43314816666666667 2 0.5865030000000001 0.4202849666666667 2
0 0.37890625 0.4609375 0.04140625 0.02109375 0.3745159 0.46017753333333333 2 0.3873831 0.4631789333333334 2 0.39928525000000004 0.46575156666666667 2 0.359075275 0.45460346666666673 2
0 0.4859375 0.5015625 0.06015625 0.02578125 0.47938357500000006 0.5013398 2 0.49578924999999996 0.5000534666666667 2 0.5134816499999999 0.49833836666666675 2 0.457509325 0.49748083333333337 2
0 0.4328125 0.63828125 0.0515625 0.03359375 0.45718765 0.6462653 2 0.43788685000000005 0.6424063333333334 2 0.42341125 0.6355459666666666 2 0.40990069999999995 0.6334021000000001 2
0 0.48125 0.61953125 0.05078125 0.04609375 0.4773617499999999 0.6261632666666668 2 0.492688725 0.6129828333333334 2 0.5070269000000001 0.5991433333333334 2 0.45906820000000004 0.6386847 2
0 0.540625 0.56796875 0.03046875 0.05234375 0.53421995 0.5556478666666667 2 0.53718645 0.5767366 2 0.55300785 0.5899170333333333 2 0.5505357500000001 0.5444445 2
0 0.54609375 0.59921875 0.046875 0.03046875 0.54163625 0.6057335666666668 2 0.556963225 0.6030975000000001 2 0.5688293 0.589258 2 0.5258148 0.5991433333333334 2
0 0.5859375 0.609375 0.03359375 0.05390625 0.576898675 0.6074921333333334 2 0.5876672000000001 0.6218457666666667 2 0.601909475 0.6334212666666666 2 0.5713407 0.5843411000000001 2
0 0.58125 0.63515625 0.05234375 0.05546875 0.606540275 0.6594700666666667 2 0.592250875 0.6444708333333333 2 0.578675925 0.6323285666666667 2 0.562779 0.6175674 2
0 0.61796875 0.615625 0.0203125 0.0703125 0.6176145500000001 0.6024397 2 0.6197579500000001 0.6252956666666667 2 0.617793175 0.6499483 2 0.609755375 0.5835230666666666 2
0 0.61796875 0.56640625 0.0265625 0.0734375 0.62583095 0.6019635333333333 2 0.6242234 0.5750601333333334 2 0.6163642250000001 0.5560134666666667 2 0.6088623 0.5322051333333333 2
0 0.63359375 0.46796875 0.0546875 0.03125 0.6596343000000001 0.4818895666666667 2 0.643380125 0.4699854 2 0.626232825 0.4604621 2 0.6071207750000001 0.463081 2
0 0.63671875 0.49140625 0.05 0.02421875 0.660884625 0.49630046666666666 2 0.6423084 0.4951100666666667 2 0.6276617750000001 0.4927292333333334 2 0.6124793 0.4848725000000001 2
0 0.671875 0.59453125 0.01875 0.0609375 0.66820795 0.5861934333333334 2 0.6705299750000001 0.6047639333333333 2 0.678210525 0.6219059333333333 2 0.6733878499999999 0.5640517 2
0 0.66328125 0.65390625 0.028125 0.0734375 0.673566475 0.6888256666666667 2 0.669458275 0.6623984333333335 2 0.663385275 0.6416851666666668 2 0.65195375 0.6197815333333334 2
0 0.71953125 0.634375 0.040625 0.02734375 0.7380473750000001 0.6395424333333335 2 0.72447245 0.6285906000000001 2 0.712147825 0.6343046 2 0.7012521749999999 0.6452564333333333 2
0 0.52734375 0.75 0.05625 0.02578125 0.518241675 0.7469779666666667 2 0.5358615250000001 0.7523046666666667 2 0.5552978500000001 0.7501255333333334 2 0.500076875 0.7472200666666666 2
0 0.49921875 0.76015625 0.05546875 0.03359375 0.5255076000000001 0.7704545333333335 2 0.504618075 0.7665805666666667 2 0.4880881 0.7590747666666667 2 0.47246637500000005 0.7462422666666667 2
0 0.5046875 0.81640625 0.028125 0.0703125 0.49390085 0.8506158000000001 2 0.49989522500000005 0.8259192666666667 2 0.504436425 0.8055809666666669 2 0.51551695 0.7857269 2
0 0.5203125 0.840625 0.0265625 0.03984375 0.5164252 0.8353620666666668 2 0.5213296749999999 0.8469839666666668 2 0.53295515 0.8595743333333333 2 0.507887725 0.8222874333333333 2
0 0.6640625 0.8609375 0.0265625 0.08203125 0.6523493250000001 0.9006222333333334 2 0.664767125 0.8766218666666667 2 0.67035515 0.8509662666666667 2 0.6718038749999999 0.8231037666666667 2
0 0.78046875 0.71875 0.06015625 0.0359375 0.8102545750000001 0.7044431666666666 2 0.7890414 0.7138683666666668 2 0.7724244250000001 0.7199947333333333 2 0.7526254750000001 0.7317762 2
0 0.8234375 0.71953125 0.0375 0.071875 0.83959945 0.7522895333333334 2 0.8300535250000001 0.7291978666666667 2 0.82015405 0.7089337333333334 2 0.8077797 0.6872558666666667 2
0 0.85546875 0.7359375 0.0359375 0.0640625 0.8618732750000001 0.7289758333333334 2 0.8519738 0.7478261666666668 2 0.841720775 0.765956 2 0.868944325 0.7068266666666667 2
0 0.84765625 0.31953125 0.05234375 0.03125 0.8727500000000001 0.30540113333333335 2 0.8593155749999999 0.3185966333333333 2 0.840995875 0.3238059666666667 2 0.8231647000000001 0.32281043333333337 2
0 0.821875 0.39609375 0.0453125 0.02265625 0.84514835 0.39900376666666665 2 0.8282942249999999 0.39932936666666674 2 0.8155925749999999 0.3973758333333334 2 0.7997155 0.3895618666666667 2