0 0.85078125 0.80390625 0.025 0.02265625 0.8622369666666667 0.8141243499999999 2 0.8521383333333334 0.8079474750000001 2 0.8476205333333334 0.8001766 2 0.8409767 0.7938004750000001 2
0 0.69296875 0.73046875 0.0359375 0.0125 0.7096788666666667 0.725300825 2 0.6972283333333333 0.7284124750000001 2 0.6869621333333333 0.731360375 2 0.6769143666666666 0.733980725 2
0 0.61875 0.728125 0.028125 0.0171875 0.6310441 0.7357822250000001 2 0.6242727666666668 0.7303777499999999 2 0.6159724000000001 0.7256283499999999 2 0.6065799333333334 0.7213702750000001 2
0 0.51875 0.88671875 0.01484375 0.0296875 0.5180612000000001 0.90181395 2 0.5174059 0.8905137 2 0.5184980666666668 0.88199755 2 0.5222113666666667 0.8728263 2
0 0.7703125 0.55859375 0.03359375 0.015625 0.7865911666666666 0.552214625 2 0.7753519666666666 0.555630875 2 0.7659353666666666 0.5597304000000001 2 0.7559112000000001 0.5645131750000001 2
0 0.5796875 0.6296875 0.01953125 0.025 0.5723631666666666 0.641848925 2 0.5796534666666667 0.634788625 2 0.5823873 0.6265895749999999 2 0.5872475 0.6186183 2
0 0.54609375 0.6046875 0.028125 0.0203125 0.5492772666666668 0.6003982 2 0.5432020333333334 0.606547475 2 0.5325703666666667 0.6126967499999999 2 0.5599089333333334 0.595843175 2
0 0.53984375 0.59296875 0.021875 0.0265625 0.5350004666666667 0.5896939 2 0.5374305666666668 0.5981207000000001 2 0.5483659666666667 0.604269975 1 0.5350004666666667 0.58058385 2
0 0.5125 0.68828125 0.01640625 0.02578125 0.5185972999999999 0.6990407750000001 2 0.5152559333333333 0.6917527250000001 2 0.5131296333333333 0.6833259500000001 2 0.5064468333333334 0.67626565 2
0 0.38359375 0.7203125 0.0140625 0.0296875 0.3788669 0.7354320000000001 2 0.38281583333333336 0.7251832 2 0.3846383666666667 0.7158454000000001 2 0.38858726666666665 0.7060521000000001 2
0 0.11875 0.70234375 0.040625 0.0109375 0.11375880000000001 0.7012714250000001 2 0.1256055 0.7028657 2 0.13897103333333333 0.70218245 2 0.09917823333333334 0.698538425 2
0 0.803125 0.4078125 0.03515625 0.009375 0.8195574666666667 0.40799799999999997 2 0.8083831666666667 0.4070238 2 0.7982483333333333 0.40858249999999996 2 0.7870740000000002 0.408387675 2
0 0.72109375 0.4578125 0.01875 0.02109375 0.7286038 0.4674394250000001 2 0.7221071 0.46062000000000003 2 0.7182091 0.45419025 2 0.7135315000000001 0.44834502500000006 2
0 0.5984375 0.43203125 0.025 0.021875 0.6016551333333334 0.428309025 2 0.5952131666666667 0.4351376 2 0.5874384333333333 0.441799625 2 0.6109848333333334 0.421647 2
0 0.65546875 0.3484375 0.01328125 0.02890625 0.6538571000000001 0.3433446 2 0.6545235 0.352005225 2 0.6576334 0.361998275 2 0.6543013333333334 0.33401777499999996 2
0 0.48359375 0.37109375 0.0109375 0.02578125 0.48275690000000004 0.366371575 2 0.48475609999999997 0.3746991 2 0.4838675666666667 0.382526975 2 0.4829790333333334 0.35837715 2
0 0.434375 0.40625 0.0140625 0.02578125 0.4330199333333334 0.40094745000000004 2 0.4347972333333333 0.40894285 2 0.43637706666666676 0.4179747 2 0.42788550000000003 0.394136575 2
0 0.459375 0.446875 0.015625 0.0265625 0.45923316666666664 0.44231685 2 0.4574073666666667 0.45176242499999997 2 0.4537557666666667 0.45929149999999996 2 0.46598860000000003 0.43451397500000005 2
0 0.47734375 0.4875 0.015625 0.02578125 0.47895176666666667 0.483532025 2 0.47730853333333334 0.491608675 2 0.47347436666666665 0.4987271 2 0.48424656666666677 0.475455375 2
0 0.35 0.48671875 0.02421875 0.01171875 0.3473722333333334 0.48478590000000005 2 0.3543954000000001 0.487832825 2 0.3606381666666667 0.490519675 2 0.33816413333333334 0.48174347500000003 2
0 0.396875 0.5296875 0.02578125 0.0203125 0.3934128 0.5387439 2 0.3888868 0.529265575 2 0.3971585 0.5236488 2 0.4090198000000001 0.52540405 2
0 0.434375 0.565625 0.01328125 0.03125 0.4335227333333333 0.5807988000000001 2 0.43367880000000003 0.5700333000000001 2 0.4339909666666667 0.56090605 2 0.43555166666666667 0.550023525 2
0 0.47265625 0.59609375 0.021875 0.02890625 0.48065583333333334 0.6099403750000001 2 0.47737833333333335 0.599291875 2 0.47300840000000005 0.59110075 2 0.46442456666666665 0.5833776749999999 2
0 0.45859375 0.60390625 0.028125 0.01875 0.4641124333333333 0.602217275 2 0.4550603666666667 0.607131975 2 0.44600833333333345 0.61204665 2 0.4726962666666667 0.5956643749999999 2
0 0.446875 0.6515625 0.0234375 0.025 0.4360139333333334 0.663591375 2 0.4454381333333334 0.6563812 2 0.4506310666666667 0.6485942 2 0.45659333333333335 0.6400861750000001 2
0 0.3234375 0.57109375 0.01875 0.02734375 0.31980673333333337 0.5682715 2 0.3235646 0.5762544249999999 2 0.33076706666666666 0.5830633749999999 2 0.31510946666666667 0.55841025 2
0 0.12109375 0.59765625 0.03359375 0.01328125 0.11446463333333332 0.596720025 2 0.12406113333333335 0.599118425 2 0.13664316666666668 0.6003975500000001 2 0.10486816666666668 0.59256285 2
0 0.2390625 0.41796875 0.0265625 0.021875 0.2273199 0.427625525 2 0.23432893333333332 0.41952975 2 0.2420957 0.414132575 2 0.25118850000000004 0.4078832 2
0 0.346875 0.31796875 0.02734375 0.02109375 0.3445761 0.313229625 2 0.35203073333333335 0.31957420000000003 2 0.3572691333333333 0.326825125 2 0.33450223333333334 0.30884885000000006 2
0 0.21796875 0.31015625 0.034375 0.01953125 0.20968723333333333 0.311867275 2 0.22096993333333334 0.314586375 2 0.23346150000000004 0.3188161 2 0.20323993333333332 0.3020483 2