0 0.5421875 0.92734375 0.03359375 0.1453125 0.5395824750000001 0.9994875666666667 0 0.5419595 0.9627344333333335 2 0.542910325 0.9158425666666667 2 0.5419595 0.8600792 2
0 0.41796875 0.45625 0.0359375 0.13984375 0.420494025 0.42967683333333334 2 0.4200186 0.47023196666666667 2 0.40908435 0.5209259333333334 2 0.4266742499999999 0.3916564 2
0 0.38203125 0.45859375 0.05 0.1109375 0.39529764999999994 0.4410830333333333 2 0.38674040000000004 0.47023196666666667 2 0.363921075 0.5069851000000001 2 0.38531420000000005 0.4068645666666667 2
0 0.31484375 0.1984375 0.0828125 0.09375 0.304971075 0.18314316666666666 2 0.3268396 0.20342073333333338 2 0.349658975 0.2338371 2 0.27454527500000003 0.1571625 2
0 0.43359375 0.2703125 0.08203125 0.08515625 0.421444825 0.2636198 2 0.44426414999999997 0.2813626666666667 2 0.469460525 0.3035412666666667 2 0.39529764999999994 0.23130243333333333 2
0 0.46484375 0.22734375 0.11171875 0.06015625 0.45329685 0.23573813333333335 2 0.49085367500000004 0.22750036666666668 2 0.514148475 0.21292586666666669 2 0.41241215000000003 0.22686670000000003 2
0 0.53125 0.28203125 0.071875 0.115625 0.520804075 0.2515799666666667 2 0.5364924 0.2883331 2 0.5574101 0.3307892666666667 2 0.499886375 0.2294013666666667 2
0 0.5796875 0.24140625 0.1 0.065625 0.5702459750000001 0.23066873333333335 2 0.5954423500000001 0.2395401666666667 2 0.62444195 0.2604514333333333 2 0.533164575 0.22116360000000004 2
0 0.71640625 0.1953125 0.103125 0.09296875 0.7647739 0.15423496666666667 2 0.739225075 0.18478390000000003 2 0.70691335 0.20481596666666668 2 0.6693415250000001 0.23135846666666668 2
0 0.81953125 0.19609375 0.03359375 0.1359375 0.818501575 0.17576946666666668 2 0.823010175 0.214832 2 0.8192530000000001 0.26140660000000004 2 0.826391625 0.13670690000000002 2
0 0.934375 0.22421875 0.07421875 0.11015625 0.9518814499999999 0.21198133333333335 2 0.9319684 0.24503426666666667 2 0.9019109499999999 0.2715768 2 0.963904425 0.17291876666666667 2
0 0.62734375 0.48828125 0.078125 0.10078125 0.66166565 0.5332892 2 0.6380078499999999 0.4983151666666667 2 0.616500775 0.4742346666666667 2 0.592412825 0.4449941 2
0 0.65859375 0.5515625 0.08125 0.0859375 0.6977449 0.5755848666666668 1 0.672656875 0.5745916 2 0.648254325 0.5483038666666666 2 0.622633875 0.5161927000000001 2
0 0.72734375 0.578125 0.09765625 0.10078125 0.765575725 0.6133315666666668 1 0.736037725 0.5996878666666666 2 0.708254425 0.5743495666666667 2 0.684565525 0.5334184666666667 2
0 0.78515625 0.60625 0.0890625 0.07421875 0.8269914250000001 0.5899423666666668 2 0.8006704250000001 0.5876034333333334 2 0.7737645000000001 0.6016369666666668 2 0.7480284 0.6367207666666668 2
0 0.82734375 0.5484375 0.09140625 0.07734375 0.8705673 0.5833154 2 0.84132175 0.5610956666666668 2 0.8176328749999999 0.5365370333333334 2 0.7828306250000001 0.5189951333333334 2
0 0.815625 0.62578125 0.090625 0.0578125 0.8531217249999999 0.6109224 1 0.830256425 0.6171888333333333 2 0.806108925 0.6257339666666667 2 0.77533695 0.6465271 2
0 0.83203125 0.628125 0.0578125 0.11015625 0.85013 0.6151949666666667 2 0.8377357249999999 0.651939 2 0.8063226499999999 0.6778592333333334 2 0.8388042 0.5764570333333334 2
0 0.8703125 0.6515625 0.0453125 0.11953125 0.86423385 0.6809924666666667 2 0.8588914750000001 0.6425393666666667 2 0.867652975 0.5949715 2 0.8915867500000001 0.7089065333333333 2
0 0.73359375 0.51640625 0.0875 0.09375 0.69223055 0.4832442 2 0.721638575 0.48971386666666666 2 0.7433377 0.5125479666666667 2 0.77331675 0.5563133333333334 2
0 0.71796875 0.5296875 0.09375 0.09140625 0.7610395999999999 0.5624024333333334 2 0.731631575 0.5544105000000001 2 0.7090759 0.5193982 2 0.6759562 0.4958029666666667 2
0 0.78359375 0.67578125 0.0734375 0.11953125 0.790793975 0.6463788666666667 1 0.7759502 0.6847861333333334 2 0.7552853500000001 0.7294005666666667 2 0.8114587999999999 0.6296969333333333 1
0 0.7046875 0.66796875 0.0921875 0.103125 0.748524325 0.7137663666666667 2 0.72227415 0.6780771666666667 2 0.6939239 0.6595327666666668 2 0.66111115 0.622444 2
0 0.65859375 0.62109375 0.06015625 0.1203125 0.642736025 0.6087981 2 0.6624236750000001 0.6521849666666667 2 0.68578635 0.6780771666666667 2 0.634598475 0.5643615666666667 2
0 0.6609375 0.703125 0.10078125 0.0578125 0.649823575 0.691723 2 0.681061325 0.7032695 2 0.7096740250000001 0.7221638 2 0.6138608000000001 0.7011701666666666 2
0 0.6 0.6140625 0.09140625 0.071875 0.6422110249999999 0.6409883666666667 2 0.61471395 0.6263641666666666 2 0.58898875 0.6067701000000001 2 0.554601 0.587176 2
0 0.62890625 0.690625 0.05625 0.1015625 0.6554007749999999 0.7337949000000001 2 0.63276455 0.7101547333333333 2 0.6236633500000001 0.6790493000000001 2 0.608961475 0.6432780000000001 2
0 0.5546875 0.65546875 0.0484375 0.109375 0.575590525 0.7067331333333333 2 0.5615887249999999 0.6675402666666667 2 0.5503872750000001 0.6339463666666667 2 0.536152125 0.6050183 2
0 0.52109375 0.64453125 0.090625 0.07890625 0.55861335 0.6706382666666667 1 0.531776575 0.6525971000000002 2 0.507040075 0.6354891 2 0.4795032 0.6143373999999999 2
0 0.5671875 0.68671875 0.12421875 0.06171875 0.6212714 0.6634114333333334 1 0.591167525 0.6876737 2 0.55289595 0.6976274666666666 2 0.507623475 0.6966942666666667 2