0 0.471875 0.2984375 0.0734375 0.09921875 0.4831389333333333 0.27885907500000007 2 0.4617598666666667 0.307121325 2 0.4501509 0.3449932 2 0.5028301666666668 0.25439325 2
0 0.675 0.40859375 0.13046875 0.0296875 0.7380000000000001 0.4164066 2 0.7008678666666667 0.408391925 2 0.6631732 0.40628280000000006 2 0.6125385666666667 0.40754830000000003 2
0 0.3734375 0.3984375 0.1171875 0.059375 0.35936533333333337 0.382660625 2 0.39087133333333335 0.39995545 2 0.4268782000000001 0.42484307499999996 2 0.3177324 0.37127137499999996 2
0 0.24453125 0.37109375 0.075 0.0953125 0.236717 0.354898375 2 0.2496569333333334 0.3810515 2 0.27047343333333335 0.41471932499999997 2 0.21139966666666665 0.324105175 2
0 0.31875 0.403125 0.10625 0.06171875 0.30029160000000005 0.392878925 2 0.32954716666666667 0.41059555000000003 2 0.3666792333333334 0.42789037500000004 2 0.2670977666666667 0.373896825 2
0 0.19453125 0.39921875 0.05703125 0.10234375 0.18720753333333334 0.381927825 2 0.19395883333333333 0.41229922500000005 2 0.21083703333333337 0.44604520000000003 2 0.1860823666666667 0.3486037 2
0 0.35390625 0.48046875 0.0515625 0.0953125 0.34642540000000005 0.45576347500000003 2 0.34586276666666665 0.486556675 2 0.34980103333333334 0.524099075 2 0.3723053333333334 0.43509407499999997 2
0 0.553125 0.45390625 0.065625 0.0953125 0.5490128000000001 0.43099265000000003 2 0.5325691333333333 0.4605820749999999 2 0.5387355 0.4981853 2 0.5786113666666667 0.40664302500000005 2
0 0.6078125 0.4875 0.0671875 0.09140625 0.6057434333333334 0.46890412500000006 2 0.6225981666666667 0.4991099500000001 2 0.6287645333333334 0.5330145 2 0.5765559 0.442705125 2
0 0.56796875 0.48359375 0.06953125 0.08515625 0.558879 0.4639725250000001 2 0.5786113666666667 0.48924682500000005 2 0.5909441 0.52284315 2 0.5362689666666667 0.44116402499999996 1
0 0.74609375 0.4953125 0.08515625 0.0234375 0.7866237333333335 0.5052863750000001 2 0.7619582333333333 0.49449855000000004 2 0.7356483333333335 0.49326567499999996 2 0.7056387 0.495423225 2
0 0.3515625 0.590625 0.059375 0.09375 0.33195643333333336 0.63261835 2 0.36402160000000006 0.615960925 2 0.3537443 0.57989885 2 0.3303120666666667 0.544761375 2
0 0.39296875 0.5453125 0.13828125 0.0390625 0.3689546666666667 0.537353525 2 0.4117082000000001 0.54721665 2 0.4610392 0.554614 2 0.3262011666666667 0.5311890499999999 2
0 0.2390625 0.6375 0.14140625 0.02578125 0.2152064333333333 0.636315575 2 0.2591932333333334 0.637240275 2 0.30811313333333334 0.636007375 2 0.16957526666666667 0.6406307250000001 2
0 0.4 0.63359375 0.04140625 0.103125 0.4001976333333334 0.683473725 2 0.40595290000000006 0.6511103 2 0.40389746666666665 0.6181304249999999 2 0.3940312666666667 0.5842259000000001 2
0 0.54375 0.58671875 0.075 0.10390625 0.5687452000000001 0.63539095 1 0.5502460666666666 0.6017946 2 0.5350357 0.5728216250000001 2 0.5177698000000001 0.5367595250000001 2
0 0.4890625 0.71015625 0.05703125 0.10703125 0.5153033 0.7608855 2 0.48817123333333334 0.729138525 2 0.47871613333333335 0.695234 2 0.47871613333333335 0.657014325 2
0 0.525 0.684375 0.0359375 0.10859375 0.5107812666666668 0.73746055 2 0.5305136666666667 0.7032478 2 0.5305136666666667 0.6687268000000001 2 0.5181809333333334 0.6311236 2
0 0.63671875 0.73125 0.13984375 0.021875 0.6182817 0.732437475 2 0.6626796 0.7336703750000001 2 0.7050220333333334 0.727197675 2 0.5689507333333335 0.7336703750000001 2
0 0.584375 0.609375 0.05390625 0.10625 0.5615510666666668 0.660289375 2 0.5841611 0.6263848249999999 2 0.5895053000000001 0.5934049499999999 2 0.6059489666666666 0.5601168750000001 2
0 0.63515625 0.621875 0.075 0.10546875 0.6158151666666667 0.6726183 1 0.6174595333333334 0.6353233 2 0.6388363000000001 0.602959875 2 0.6635017666666667 0.572754 2
0 0.65546875 0.68515625 0.06953125 0.0828125 0.6844674333333335 0.723795275 2 0.6692570666666666 0.691740075 2 0.6503468666666667 0.67139735 2 0.6281479000000001 0.64735595 2
0 0.68203125 0.64140625 0.1171875 0.0328125 0.6624687666666668 0.641966075 2 0.6982337666666668 0.63765095 2 0.7397540000000001 0.638575625 2 0.627526 0.6530621 1
0 0.78984375 0.70625 0.03359375 0.07890625 0.7823072333333333 0.745062675 2 0.7897069 0.7185555000000001 2 0.7901179666666668 0.696363425 2 0.7917623666666668 0.6680069 2
0 0.85 0.70390625 0.096875 0.0875 0.8604146333333335 0.6905072000000001 2 0.8353380333333333 0.715781475 2 0.8049172666666667 0.7456791 2 0.8953574333333334 0.661842425 2
0 0.628125 0.68359375 0.10546875 0.07421875 0.6754234333333333 0.715781475 1 0.6363697333333335 0.7053019 2 0.6080044333333334 0.6831098250000001 2 0.5849833 0.649205275 2
0 0.43828125 0.60546875 0.1234375 0.05859375 0.4968041333333334 0.63169225 2 0.46556120000000006 0.60364395 2 0.42445203333333337 0.5903903500000001 2 0.3796430333333334 0.5866916750000001 2
0 0.7125 0.57421875 0.08984375 0.1078125 0.7546285666666667 0.6240955 2 0.7249771333333334 0.601863825 2 0.7126223666666667 0.567034225 2 0.6800058 0.522570875 2
0 0.75625 0.56328125 0.08359375 0.08984375 0.7946579666666667 0.6037164500000001 2 0.7664891 0.5825963749999999 2 0.7472157000000001 0.5536952 2 0.7220119666666667 0.52220035 2
0 0.82421875 0.5265625 0.1421875 0.040625 0.8934960000000001 0.51960665 2 0.8435827666666669 0.53294565 2 0.8030591666666667 0.53146355 2 0.7580878666666668 0.5136782 2