0 0.2359375 0.29375 0.11171875 0.071875 0.18395127500000003 0.3038948 2 0.22633127500000003 0.31363430000000003 2 0.256289625 0.30292083333333336 2 0.2869786 0.2727283666666667 2
0 0.3875 0.3484375 0.1015625 0.07578125 0.43530872499999995 0.38181090000000006 2 0.4068118 0.3477226 2 0.38123762499999997 0.3311654666666667 2 0.338857575 0.3165562 2
0 0.309375 0.34140625 0.053125 0.1296875 0.29869897500000003 0.32005893333333335 2 0.32122052500000003 0.3539269666666667 2 0.32122052500000003 0.4024198 2 0.28888192500000004 0.2808027666666667 2
0 0.278125 0.371875 0.08125 0.05234375 0.239219075 0.38240690000000005 2 0.265782925 0.3808674333333334 2 0.29234675 0.36855180000000004 2 0.31313585 0.3585453 1
0 0.2671875 0.4296875 0.09765625 0.10546875 0.23248169999999999 0.47708380000000006 2 0.23594655000000003 0.4270514666666666 2 0.27983465 0.4039596333333334 2 0.31217325 0.38856506666666674 2
0 0.26328125 0.440625 0.128125 0.0546875 0.200528225 0.4617187333333333 2 0.23941880000000001 0.44399086666666665 2 0.2825297 0.4432452333333334 2 0.325262875 0.4301598666666667 2
0 0.27734375 0.490625 0.0984375 0.084375 0.3229786 0.4556589333333333 2 0.29402632500000003 0.4728105 2 0.263787275 0.4865317666666667 2 0.234835 0.5225500666666667 2
0 0.30546875 0.51484375 0.0984375 0.10078125 0.25928359999999995 0.5602835333333334 2 0.289522625 0.5199773333333334 2 0.31847487500000005 0.5011106 2 0.35064405 0.4779559666666667 2
0 0.3296875 0.53828125 0.10703125 0.0828125 0.281802025 0.5731472000000001 2 0.307537375 0.5362713333333333 2 0.335846275 0.5242652333333333 2 0.38088312500000004 0.5122591 2
0 0.3421875 0.565625 0.1125 0.05 0.29983745 0.5581750000000001 1 0.326306675 0.5558229333333334 2 0.35454050000000004 0.5648392666666667 2 0.39515655 0.5763208333333334 2
0 0.328125 0.59921875 0.11015625 0.04375 0.3801274 0.6158012000000002 2 0.34983485000000003 0.6020807 2 0.31571895000000005 0.5997286 2 0.273662325 0.5950244333333334 2
0 0.409375 0.7234375 0.10234375 0.05078125 0.458829925 0.7304297 2 0.42508827500000007 0.7331281666666667 2 0.3935961 0.7253325333333335 2 0.360079425 0.7112404000000001 2
0 0.50703125 0.55546875 0.11015625 0.04140625 0.453704075 0.5476970666666667 2 0.4899029 0.5530145666666667 2 0.5209776 0.5608296666666667 2 0.553224925 0.5604389000000001 1
0 0.540625 0.55078125 0.071875 0.06953125 0.574625425 0.5807581666666667 2 0.5541044 0.557899 2 0.5354888999999999 0.5391427 2 0.507345775 0.5254662666666666 2
0 0.559375 0.54609375 0.06875 0.07890625 0.58708465 0.5821915000000001 2 0.579609125 0.5478050333333334 2 0.556742825 0.5288533666666667 2 0.52610785 0.5159584333333334 2
0 0.528125 0.27578125 0.10703125 0.0609375 0.578040875 0.25271140000000003 2 0.5480526250000001 0.26724663333333337 2 0.5163604749999999 0.2776938666666667 2 0.4778528000000001 0.29404603333333335 2
0 0.559375 0.45 0.04609375 0.0375 0.580426325 0.43625423333333335 2 0.5684991750000001 0.44443030000000006 2 0.555549675 0.45442330000000003 2 0.539192425 0.4625993666666667 2
0 0.6015625 0.421875 0.0734375 0.1375 0.6196155 0.39628226666666666 2 0.601213625 0.4339831 2 0.5712253500000001 0.4816769000000001 2 0.6312019 0.35721880000000006 2
0 0.6125 0.134375 0.12265625 0.04921875 0.552276225 0.1431278666666667 2 0.59387255 0.13203893333333333 2 0.63093105 0.1315349 2 0.6717711000000001 0.14665616666666667 2
0 0.7734375 0.13828125 0.11171875 0.0421875 0.82794635 0.1250019 2 0.7992071000000001 0.1401231666666667 2 0.7670644999999999 0.13961910000000002 2 0.720174075 0.14113123333333336 2
0 0.8125 0.15859375 0.0796875 0.0734375 0.8506352500000001 0.12701806666666665 2 0.834374925 0.15474033333333334 2 0.80828265 0.16633330000000002 2 0.776896325 0.1880071 2
0 0.621875 0.23515625 0.1109375 0.05 0.6744181250000001 0.2175111 2 0.644922575 0.2356566 2 0.610889225 0.23767276666666665 2 0.5700491750000001 0.22860003333333334 2
0 0.659375 0.25703125 0.08046875 0.13125 0.6850063000000001 0.23817680000000002 2 0.6596703500000001 0.27446780000000004 2 0.623746275 0.3147911 2 0.696728875 0.1943252 2
0 0.709375 0.26875 0.08515625 0.11875 0.7141237250000001 0.23868083333333337 2 0.7012666500000001 0.26791523333333334 2 0.67290555 0.31983153333333336 2 0.7496696500000001 0.2154949333333333 2
0 0.88671875 0.50078125 0.0328125 0.146875 0.89129565 0.5154731000000001 2 0.8894049 0.4766619 2 0.879573075 0.4297860333333333 2 0.8909175250000001 0.5689015333333334 2
0 0.715625 0.65078125 0.10625 0.05 0.7665067249999999 0.6682562666666667 2 0.737767425 0.6561592666666667 2 0.706381125 0.6511188666666667 2 0.664406675 0.6420461333333334 2
0 0.78046875 0.65 0.05390625 0.1265625 0.783145225 0.6727926333333334 2 0.789195625 0.6359976333333334 2 0.8031871 0.5901298333333334 2 0.758565575 0.7090836333333334 2
0 0.83046875 0.69453125 0.08671875 0.0421875 0.87208075 0.6928772000000001 2 0.851591325 0.6975712333333333 2 0.821017275 0.6937306666666667 2 0.78916265 0.6875430666666666 2
0 0.51328125 0.6734375 0.06640625 0.10703125 0.54321305 0.7178471666666667 2 0.5109584500000001 0.7039785000000001 2 0.495351375 0.6771657333333334 2 0.4911894500000001 0.6226157000000001 2
0 0.81875 0.8953125 0.03984375 0.15078125 0.8228608749999999 0.9155542000000001 2 0.812668225 0.8685257666666667 2 0.8103160749999999 0.8214973333333335 2 0.8209007500000001 0.9667629666666666 2