0 0.671875 0.4421875 0.0328125 0.01015625 0.6882588333333334 0.438866275 2 0.6780539000000001 0.440587825 2 0.6678489666666667 0.44250065000000005 2 0.6576440333333334 0.4430745 2
0 0.68515625 0.49140625 0.03359375 0.009375 0.7013767333333334 0.491904875 2 0.6900547 0.49243545 2 0.6794402666666667 0.491551175 2 0.6688258666666667 0.491197475 2
0 0.70390625 0.50703125 0.03515625 0.01953125 0.7086889000000001 0.5035907749999999 2 0.6987821000000001 0.508542625 2 0.6884035666666668 0.514909325 2 0.7211903000000002 0.49810835 2
0 0.7890625 0.49921875 0.01015625 0.01796875 0.7886508000000001 0.49580927500000005 2 0.7886508000000001 0.50182225 2 0.7851126666666668 0.508542625 2 0.7928965666666666 0.49068055 2
0 0.78828125 0.528125 0.0328125 0.0109375 0.8042185666666667 0.5283501 2 0.7928965666666666 0.526935275 2 0.7827539000000001 0.5287038 2 0.7747341000000001 0.53259455 2
0 0.56171875 0.44921875 0.01953125 0.0234375 0.5618541333333333 0.444646075 2 0.5576771333333335 0.4518044 2 0.5542957666666667 0.45941014999999996 2 0.5708048 0.43808425 2
0 0.546875 0.42890625 0.01484375 0.025 0.5469363 0.42421497500000005 2 0.5497209666666667 0.43107505 2 0.5475330333333333 0.4401721 2 0.5407703 0.416758375 2
0 0.54140625 0.4671875 0.0140625 0.02578125 0.5392190666666667 0.46347924999999995 2 0.5412691666666667 0.47128305 2 0.5456848 0.47861390000000004 2 0.5417422666666667 0.4548478 2
0 0.45234375 0.44609375 0.0125 0.02109375 0.4516230666666667 0.441941225 2 0.4516230666666667 0.45004332499999994 2 0.4485546666666667 0.45594485 2 0.45829353333333334 0.436339775 2
0 0.4078125 0.4046875 0.0359375 0.02265625 0.40176143333333336 0.40223915000000005 2 0.41176710000000005 0.40794065 2 0.4236405333333333 0.415042475 2 0.3896212 0.39433710000000005 2
0 0.4140625 0.42421875 0.021875 0.0265625 0.41443530000000006 0.41835104999999995 2 0.41683666666666663 0.42715332500000003 2 0.42217303333333334 0.43695587500000005 2 0.40469643333333344 0.4139499 2
0 0.38984375 0.425 0.03125 0.00859375 0.38708643333333337 0.42665320000000007 2 0.39615826666666665 0.42515280000000005 2 0.4053634666666667 0.42265215000000006 2 0.3750796333333334 0.42615307500000005 2
0 0.36171875 0.4484375 0.015625 0.025 0.3602712 0.44413547500000006 2 0.35880370000000006 0.450737175 2 0.3620055333333333 0.45983955 2 0.36787553333333334 0.43753374999999994 2
0 0.44765625 0.4953125 0.02578125 0.01640625 0.43542240000000004 0.5029326500000001 2 0.4423955666666667 0.496761575 2 0.4506261666666667 0.49350462500000003 2 0.4591997333333334 0.48836207500000006 2
0 0.4296875 0.5375 0.01640625 0.0265625 0.43705370000000004 0.549761775 2 0.4317890666666667 0.540521625 2 0.42915676666666663 0.5334345 2 0.42580653333333335 0.5248223249999999 2
0 0.4265625 0.5484375 0.03515625 0.0171875 0.44363446666666667 0.553267375 2 0.4293960666666667 0.551473175 2 0.4210205 0.546718525 2 0.41025196666666675 0.541515325 2
0 0.04140625 0.44609375 0.02578125 0.0234375 0.032831400000000004 0.44194277499999995 2 0.0416398 0.4501481 2 0.05391823333333334 0.4569525 2 0.032831400000000004 0.4347381250000001 2
0 0.390625 0.35390625 0.0234375 0.0234375 0.39304890000000003 0.35041585 2 0.38779433333333335 0.35748012500000004 2 0.38181503333333333 0.36386512499999996 2 0.4012025 0.34307985 2
0 0.37265625 0.3609375 0.02734375 0.01953125 0.37746646666666667 0.357615975 2 0.36967523333333335 0.36332172500000004 2 0.3624276 0.3684841 2 0.38525766666666666 0.35177435 2
0 0.334375 0.4921875 0.04140625 0.0109375 0.32908840000000006 0.49351455 2 0.3405034666666667 0.49215605 2 0.35499873333333337 0.49161262499999997 2 0.3144119333333334 0.4925636 2
0 0.284375 0.471875 0.0171875 0.02109375 0.2798332 0.4689966 2 0.28369910000000004 0.47479362500000005 2 0.29014223333333333 0.481194525 2 0.2812829333333334 0.46211262499999994 2
0 0.2203125 0.51015625 0.03046875 0.01171875 0.21576433333333336 0.5108579750000001 2 0.2244625666666667 0.5077179 2 0.23493263333333333 0.50542325 2 0.20642180000000004 0.514843425 2
0 0.22109375 0.54609375 0.0265625 0.01484375 0.20867690000000003 0.552770325 2 0.21592543333333336 0.547939475 2 0.22430150000000001 0.5441955500000001 2 0.23332186666666668 0.54033085 2
0 0.23828125 0.57109375 0.03359375 0.01953125 0.2230128666666667 0.5801993999999999 2 0.23412726666666667 0.57573085 2 0.2442752 0.5698130499999999 2 0.25393990000000005 0.5634121750000001 2
0 0.40078125 0.6265625 0.03046875 0.0140625 0.4150168000000001 0.63077465 2 0.40413656666666664 0.6302215999999999 2 0.3939939666666667 0.627318025 2 0.3869863333333334 0.621649125 2
0 0.46875 0.66796875 0.02109375 0.025 0.47844886666666675 0.67935335 2 0.4701149000000001 0.672174175 2 0.46621389999999996 0.6640643500000001 2 0.46195826666666673 0.6563534 2
0 0.39453125 0.7171875 0.01796875 0.025 0.3916072666666667 0.7113417 2 0.39178456666666667 0.7206480500000001 2 0.4015370666666668 0.728359 2 0.4015370666666668 0.7050931500000001 2
0 0.64453125 0.67734375 0.01796875 0.02578125 0.6521988333333334 0.689775875 2 0.6463191666666667 0.681359825 2 0.6434683999999999 0.673745325 2 0.6374105666666667 0.665462875 2
0 0.1921875 0.7171875 0.0390625 0.01796875 0.17266620000000002 0.725417075 2 0.18547453333333333 0.71876865 2 0.19861126666666667 0.7153213 2 0.2114196 0.7103965500000001 2
0 0.32421875 0.47265625 0.0109375 0.01640625 0.32682726666666667 0.46859410000000007 1 0.3260681666666667 0.47428555 2 0.3248416666666667 0.480383325 2 0.3202239 0.465202675 2
0 0.3109375 0.47421875 0.03828125 0.0140625 0.30616393333333336 0.47807092500000004 2 0.3177078666666667 0.4743309750000001 2 0.32839670000000004 0.468560775 2 0.29262473333333333 0.479246325 2