0 0.64375 0.0859375 0.09453125 0.0625 0.6524922249999999 0.0759889 2 0.627775375 0.09246173333333334 2 0.5990503250000001 0.10893456666666668 2 0.6888995250000001 0.06307779999999999 2
0 0.5921875 0.0671875 0.103125 0.0359375 0.6415931749999999 0.06363506666666667 2 0.6075328 0.0695568 2 0.5793959999999999 0.06824086666666666 2 0.5423739000000001 0.06297713333333334 2
0 0.4578125 0.10390625 0.0828125 0.09375 0.46783605 0.08271613333333334 2 0.4480909250000001 0.10377106666666666 2 0.42192862500000006 0.14259110000000003 2 0.49893465 0.06824086666666666 2
0 0.3671875 0.2125 0.05 0.128125 0.3562761 0.18667490000000003 2 0.360718775 0.22417896666666665 2 0.38194475 0.2682627666666667 2 0.37552762500000003 0.1524606 2
0 0.25390625 0.2015625 0.0484375 0.1125 0.255575975 0.17483146666666669 2 0.2442225 0.20641390000000004 2 0.235337225 0.2544454666666667 2 0.27680200000000005 0.14917076666666668 2
0 0.3484375 0.28046875 0.08984375 0.109375 0.33597855 0.2503032 2 0.36198980000000003 0.28449253333333335 2 0.385472175 0.3254234666666667 2 0.3045483 0.2425985666666667 1
0 0.31328125 0.2765625 0.05390625 0.10078125 0.309786675 0.25318793333333334 2 0.3195409 0.2868957666666667 2 0.3339916 0.3220482333333333 2 0.2884719 0.22862940000000004 2
0 0.28359375 0.27890625 0.075 0.12578125 0.275466275 0.241631 2 0.29027825 0.2767834666666667 2 0.31665075000000004 0.3350498333333333 2 0.249816325 0.2228509 2
0 0.2125 0.296875 0.09765625 0.0734375 0.19743257500000003 0.30906530000000004 2 0.22633394999999998 0.2946191 2 0.258125475 0.27439440000000004 2 0.164195975 0.3264007333333333 2
0 0.16875 0.36484375 0.05625 0.1203125 0.16518945000000002 0.34903093333333335 2 0.183975375 0.3788864 2 0.19120070000000003 0.42078040000000005 2 0.14315215 0.3085815 2
0 0.24921875 0.3125 0.06015625 0.10703125 0.26670557500000003 0.3133969 2 0.251171075 0.34228933333333333 2 0.22335349999999998 0.3615509666666667 2 0.271402025 0.26476133333333335 2
0 0.2515625 0.3875 0.1140625 0.04453125 0.219740825 0.3808125666666667 2 0.261647825 0.3899618666666667 2 0.307167525 0.38899876666666666 2 0.195897175 0.40344496666666674 2
0 0.2453125 0.42578125 0.10703125 0.05625 0.224076025 0.4222437 2 0.259118925 0.43139296666666677 2 0.296329475 0.4395791666666667 2 0.19517465000000003 0.4082790333333334 2
0 0.16484375 0.509375 0.09375 0.0421875 0.1492937 0.5089769666666667 2 0.177111275 0.5162000666666667 2 0.20926407500000002 0.5118662 2 0.121476125 0.49693846666666663 2
0 0.20625 0.59453125 0.09765625 0.0421875 0.19083945 0.5946912 2 0.21829575 0.5980619333333334 2 0.252254875 0.5999881000000001 2 0.16121552500000003 0.5831341666666667 2
0 0.30390625 0.54609375 0.0796875 0.05234375 0.338959 0.5634097 1 0.32161819999999997 0.5470373000000001 2 0.297052 0.5378880666666667 2 0.2652605 0.5349988000000001 2
0 0.3328125 0.5609375 0.08984375 0.08828125 0.2894654 0.5966359999999999 2 0.32631465 0.5870051666666667 2 0.35015830000000003 0.5624466 2 0.374001975 0.5248864666666667 2
0 0.11875 0.640625 0.02890625 0.153125 0.11280570000000001 0.7141505 2 0.12003105 0.6659964666666667 2 0.11894724999999999 0.6183239666666667 2 0.12328245 0.5667991333333334 2
0 0.12265625 0.75859375 0.0453125 0.1359375 0.10377402499999999 0.8244419000000001 2 0.114612025 0.7743616999999999 2 0.12003105 0.7353569333333334 2 0.1406233 0.6963521666666668 2
0 0.47109375 0.49765625 0.09375 0.0578125 0.46389065 0.4858336666666667 2 0.48913327500000003 0.4986804666666667 2 0.513916925 0.5188683000000001 2 0.425338275 0.48766889999999996 2
0 0.45546875 0.5515625 0.07890625 0.08359375 0.446450275 0.5274328333333334 2 0.469398125 0.5574087333333334 2 0.4868385 0.5843258666666667 2 0.41983077500000004 0.5323268666666667 2
0 0.4546875 0.57265625 0.06328125 0.0703125 0.483625775 0.5971727 2 0.4565473 0.5898316333333333 2 0.44186070000000005 0.5696438 2 0.42763305 0.5421149000000001 2
0 0.528125 0.57265625 0.08515625 0.07109375 0.5327341750000001 0.5549617 2 0.511163175 0.5702555333333333 2 0.49096907500000003 0.6026784333333334 2 0.5676149 0.5555734666666667 2
0 0.621875 0.534375 0.05703125 0.096875 0.647014425 0.5782083333333333 2 0.6318688499999999 0.5476207000000001 2 0.61672325 0.5231506 2 0.598823975 0.4931747000000001 2
0 0.6515625 0.53203125 0.053125 0.10546875 0.662160025 0.5824905666666667 2 0.66353685 0.5445619333333334 2 0.6460965250000001 0.5127507666666667 2 0.6291150750000001 0.4846101333333334 2
0 0.4640625 0.8359375 0.03515625 0.12578125 0.44955937500000004 0.8914656666666667 2 0.46933915000000004 0.8723607000000001 2 0.47163245 0.8234520000000002 2 0.461312575 0.7798927333333333 2
0 0.590625 0.78046875 0.0984375 0.04609375 0.634600425 0.7766244666666667 1 0.609947425 0.7835022333333334 2 0.579847775 0.7819738333333334 2 0.544014875 0.7686003666666668 2
0 0.64921875 0.80546875 0.065625 0.13046875 0.6810398249999999 0.8648893333333334 2 0.6606867750000001 0.8194195333333335 2 0.6452069500000001 0.7781528666666666 2 0.61883395 0.7456744333333333 2
0 0.63828125 0.8640625 0.1 0.0609375 0.6867731 0.8744566 2 0.65610015 0.8767492000000001 2 0.6254272000000001 0.8652862333333335 2 0.5924609500000001 0.8412140000000001 2
0 0.575 0.86640625 0.09375 0.0578125 0.6199806250000001 0.8912689666666667 2 0.593034275 0.8782776 2 0.5669479250000001 0.8649041333333333 2 0.53111505 0.8496201666666666 2