0 0.36796875 0.35 0.01796875 0.05625 0.3667384 0.3382903666666667 2 0.36395940000000004 0.35681113333333336 2 0.367433125 0.37672103333333334 2 0.37507530000000006 0.32393673333333334 2
0 0.26484375 0.50625 0.015625 0.0421875 0.26391615 0.5004010666666667 2 0.26565300000000003 0.5124395666666668 2 0.27016887500000003 0.5240150666666668 2 0.258705575 0.4874365000000001 2
0 0.41015625 0.5046875 0.0125 0.06015625 0.410159925 0.4953258 2 0.410159925 0.5138465666666667 2 0.40738095 0.5328303666666667 2 0.4115494 0.4758789666666667 2
0 0.42109375 0.5421875 0.015625 0.04609375 0.419191625 0.5360715333333335 2 0.4230127 0.5499621 2 0.42718115 0.5624636333333334 2 0.416412625 0.5207918666666667 2
0 0.4796875 0.58359375 0.03359375 0.0328125 0.4747712 0.5763542 2 0.485192375 0.5865406333333334 2 0.4945714 0.5967270666666666 2 0.463655275 0.5749651666666667 2
0 0.5234375 0.62421875 0.02421875 0.0390625 0.519234875 0.6226561666666667 2 0.5261823000000001 0.6333056333333333 2 0.5338244999999999 0.6411769333333334 2 0.5133295500000001 0.6087656000000001 2
0 0.52265625 0.4515625 0.0109375 0.04453125 0.5220138500000001 0.44483870000000003 2 0.5223612000000001 0.4578032666666667 2 0.5227086000000001 0.4716938333333333 2 0.5234033250000001 0.4309481333333333 2
0 0.6671875 0.22265625 0.02734375 0.05078125 0.67016815 0.2145223666666667 2 0.6639154250000001 0.23072803333333333 2 0.6545363999999999 0.24647070000000001 2 0.680589325 0.20063176666666668 2
0 0.66875 0.3 0.02890625 0.0453125 0.671905 0.2913836 2 0.6639154250000001 0.3043482 2 0.6566206250000001 0.3200908333333333 2 0.68024195 0.2802711333333333 2
0 0.69921875 0.31171875 0.03828125 0.0375 0.7021264 0.30527420000000005 2 0.6923999750000001 0.31546063333333335 2 0.683715675 0.32564703333333334 2 0.7149791999999999 0.301107 2
0 0.6 0.48203125 0.0171875 0.0359375 0.5944409500000001 0.496591 2 0.602083175 0.4910347666666667 2 0.6041674 0.4794593 2 0.604862125 0.46510570000000007 2
0 0.62421875 0.49296875 0.0171875 0.0546875 0.627789325 0.4876381 2 0.62559305 0.5022753333333334 2 0.6168079750000001 0.5165466333333334 2 0.628338375 0.46824373333333336 2
0 0.60078125 0.5328125 0.01328125 0.05703125 0.604453975 0.5278905 2 0.602532225 0.5436255333333333 2 0.5953943749999999 0.5575309333333334 2 0.603081325 0.5066665 2
0 0.60078125 0.55859375 0.02734375 0.03984375 0.606924775 0.5589946333333333 2 0.597865175 0.5655814 2 0.587981975 0.5739978333333334 2 0.612689975 0.5414299666666668 2
0 0.653125 0.5734375 0.046875 0.03046875 0.647555725 0.5655814 2 0.6626550499999999 0.5725341 2 0.6752836 0.5838779666666667 2 0.63135825 0.5813164333333334 2
0 0.671875 0.56875 0.0328125 0.02578125 0.6686948 0.5633858333333334 2 0.6769307999999999 0.5718022666666667 2 0.6862649249999999 0.578389 2 0.65688985 0.5578968666666666 2
0 0.6796875 0.5953125 0.05234375 0.02421875 0.6733618750000001 0.5981492666666667 2 0.68955935 0.5952218333333333 2 0.7049332 0.5882691666666667 2 0.6538700000000001 0.5937581333333334 2
0 0.6578125 0.61875 0.03828125 0.03125 0.6678712000000001 0.6201193333333334 2 0.6541445250000001 0.6252423666666667 2 0.639319725 0.6245105000000001 2 0.6750090750000001 0.6054821 2
0 0.6375 0.7015625 0.03671875 0.04296875 0.6195533249999999 0.7145437333333333 2 0.6343781249999999 0.7116163 2 0.645084925 0.6973449666666667 2 0.6541445250000001 0.6834396333333335 2
0 0.71015625 0.640625 0.03359375 0.04453125 0.72497415 0.6607518666666666 2 0.7153655000000001 0.6475783333333334 2 0.7057568250000001 0.6351366666666667 2 0.6958736 0.6230609666666667 2
0 0.7375 0.7046875 0.01875 0.06171875 0.7351319000000001 0.7339664333333334 2 0.7345828 0.7109128000000001 2 0.7373281500000001 0.6940799666666667 2 0.743642425 0.6794427333333333 2
0 0.7015625 0.4515625 0.02421875 0.05390625 0.6958736 0.44369800000000004 2 0.7032860249999999 0.46162860000000006 2 0.7115220250000001 0.47626586666666676 2 0.6964226750000001 0.4257673666666667 2
0 0.7 0.42265625 0.03046875 0.0609375 0.697246275 0.41186196666666675 2 0.7057568250000001 0.4308904 2 0.71426735 0.4510166 2 0.6859904 0.3939313666666667 2
0 0.75 0.42109375 0.01875 0.0578125 0.75023125 0.40930046666666664 2 0.7466622999999999 0.4254014333333334 2 0.7474859 0.44808916666666665 2 0.75791815 0.3935654333333334 2
0 0.79375 0.446875 0.0203125 0.05546875 0.7990981749999999 0.4407705333333333 2 0.7944311 0.4565055666666667 2 0.7850969750000001 0.4715087333333334 2 0.7996472750000001 0.42064433333333334 2
0 0.7453125 0.49921875 0.01796875 0.040625 0.7425443 0.49236683333333336 2 0.7428188 0.5055403333333335 2 0.7516039250000001 0.5168842333333334 2 0.752152975 0.48029113333333334 2
0 0.81171875 0.58359375 0.034375 0.05078125 0.8221590000000001 0.5838779666666667 2 0.8120012749999999 0.5963196333333334 2 0.7955292500000001 0.6051019666666667 2 0.8183155000000001 0.5597265 2
0 0.93125 0.46015625 0.0171875 0.07265625 0.9310485 0.4513812333333334 2 0.932059425 0.47159316666666673 2 0.9340812250000001 0.49450003333333337 2 0.9344182 0.43072013333333337 2
0 0.8859375 0.67890625 0.04296875 0.02890625 0.906449675 0.6818844000000001 2 0.891622975 0.6755962333333334 2 0.8788181250000001 0.6769437 2 0.8666872250000001 0.6890708666666667 2