0 0.3734375 0.48515625 0.0703125 0.03671875 0.34055135000000003 0.48717840000000007 2 0.3653356 0.4900690000000001 2 0.386092425 0.48841723333333337 2 0.40684924999999994 0.4822231 2
0 0.37578125 0.5984375 0.02734375 0.1 0.3727709 0.5854748666666667 2 0.37431990000000004 0.6172714666666667 2 0.385163025 0.6441127666666666 2 0.376178725 0.5507876333333334 2
0 0.3609375 0.73515625 0.04921875 0.0484375 0.3557317 0.7490643333333334 2 0.36812385000000003 0.7346113333333333 2 0.383304175 0.7168548000000001 2 0.3377631 0.7482384666666667 2
0 0.53046875 0.80859375 0.06171875 0.0625 0.520856875 0.8217583333333334 2 0.53696665 0.8060665000000002 2 0.5589627 0.7841805333333334 2 0.501649075 0.8382760666666667 2
0 0.5546875 0.82109375 0.06015625 0.03046875 0.54416205 0.824282 2 0.56506375 0.8221552666666667 2 0.585008125 0.8151370333333332 2 0.525813225 0.8310875666666668 2
0 0.6453125 0.8125 0.07265625 0.0546875 0.6330034500000001 0.8095098666666667 2 0.656016175 0.8232109666666668 2 0.6801028250000001 0.8367075666666667 1 0.609530475 0.7902874000000001 2
0 0.69140625 0.83125 0.0609375 0.03125 0.7208353750000001 0.8218326000000001 2 0.6990499750000001 0.8269449666666666 2 0.6815603 0.8343067666666668 2 0.6634569750000001 0.8402371000000001 2
0 0.76953125 0.646875 0.0359375 0.09765625 0.7528062 0.6955248 2 0.7708747499999999 0.6701028666666667 2 0.777098375 0.6366529333333334 2 0.7855303499999999 0.5994566333333333 2
0 0.73046875 0.5609375 0.07265625 0.05546875 0.7590298000000001 0.5354726333333334 2 0.75200315 0.5675845333333334 2 0.723896525 0.5734717333333333 2 0.69538835 0.5654437333333334 2
0 0.6 0.55078125 0.06328125 0.06953125 0.585534475 0.5445170666666668 2 0.6056727 0.5609887 2 0.628404525 0.5782737333333334 2 0.569667975 0.5178777666666667 1
0 0.65078125 0.540625 0.0703125 0.04140625 0.639007575 0.5435006 2 0.661739375 0.5414670666666667 2 0.6844712 0.5272323333333333 2 0.616580925 0.5595655333333334 1
0 0.55859375 0.53828125 0.02890625 0.09921875 0.5619539 0.5208413000000001 2 0.558083975 0.5488047333333333 2 0.55115885 0.5851843 2 0.569082725 0.48962000000000006 2
0 0.53046875 0.47734375 0.05859375 0.0609375 0.554621425 0.5015655333333334 1 0.53771595 0.48609063333333336 2 0.5195884 0.4689868 2 0.5043123749999999 0.4518829666666667 2
0 0.55390625 0.50390625 0.04140625 0.075 0.53466075 0.5390311000000001 2 0.5487147 0.5135110666666667 2 0.55930605 0.4907059666666667 2 0.57336 0.4689868 2
0 0.1375 0.921875 0.034375 0.09453125 0.1215068 0.9666781333333334 2 0.136526475 0.9394634333333334 2 0.14356692499999998 0.9088077666666667 2 0.150372725 0.8765880333333333 2
0 0.15078125 0.70859375 0.0203125 0.071875 0.14916555 0.6993655999999999 2 0.152245725 0.7200828333333334 2 0.157466925 0.7428592333333334 2 0.147499175 0.6764280666666667 2
0 0.17265625 0.57109375 0.04140625 0.08984375 0.19188525 0.6137510333333334 2 0.166651625 0.5909381333333334 2 0.160946625 0.5616908333333334 2 0.168187575 0.5295188333333334 2
0 0.14609375 0.5453125 0.028125 0.10546875 0.1431908 0.5286629 2 0.1446915 0.5628902333333333 2 0.15336215000000003 0.5964508000000001 2 0.14835985000000002 0.4926575000000001 2
0 0.20625 0.4875 0.06953125 0.0640625 0.19200489999999998 0.4828105666666668 2 0.2135148 0.5003687333333333 2 0.23819280000000004 0.5132595666666667 2 0.17266267500000002 0.45680666666666675 2
0 0.20234375 0.528125 0.07421875 0.0375 0.18973525000000002 0.5241759666666667 2 0.2123875 0.5345625666666667 2 0.237939225 0.5357703333333333 2 0.16672055000000002 0.5256252666666666 2
0 0.68203125 0.46171875 0.03984375 0.06953125 0.68294645 0.44279070000000004 2 0.6925848 0.4635908333333334 2 0.693732225 0.49112046666666676 2 0.664358175 0.42933176666666667 2
0 0.56484375 0.40546875 0.0734375 0.040625 0.552828625 0.41097866666666666 2 0.57485915 0.4082257 2 0.5982666000000001 0.3962962 2 0.5289622 0.4122022 2
0 0.5859375 0.45859375 0.021875 0.0953125 0.5896722999999999 0.44022000000000006 2 0.583259225 0.4678756333333333 2 0.5925016000000001 0.5035765666666667 2 0.5881633500000001 0.4118101 1
0 0.60859375 0.4921875 0.04765625 0.07265625 0.6065066000000001 0.4734067666666667 1 0.617776625 0.49477703333333334 2 0.62758485 0.5241926 2 0.5858999 0.45907610000000004 2
0 0.6234375 0.49609375 0.06171875 0.065625 0.6223506750000001 0.4784350666666667 2 0.6406467750000001 0.497794 1 0.6517753249999999 0.5277124 2 0.594812175 0.48346336666666667 2
0 0.63125 0.4484375 0.06171875 0.03515625 0.6615835499999999 0.4575676333333334 2 0.6376288500000001 0.4449968666666667 2 0.6189555 0.4449968666666667 2 0.6019797250000001 0.46360156666666663 2
0 0.6625 0.48828125 0.0515625 0.0296875 0.68664585 0.48677953333333335 2 0.67054925 0.4846965000000001 2 0.653983775 0.48990413333333327 2 0.637105775 0.49927789999999994 2
0 0.62265625 0.15390625 0.0203125 0.0625 0.619106375 0.1456049 2 0.62206735 0.16392900000000002 2 0.6294697499999999 0.18309883333333338 2 0.619740875 0.12305213333333336 2
0 0.47890625 0.046875 0.07265625 0.0296875 0.47084655 0.046984033333333335 2 0.4919963 0.049239333333333336 2 0.513992075 0.0399363 2 0.44314037500000003 0.05318603333333334 2
0 0.1921875 0.0546875 0.07421875 0.0328125 0.1824123 0.055193766666666665 2 0.204720075 0.0564327 2 0.2279573 0.04817313333333333 2 0.156076775 0.046521200000000006 2